Landtagswahl am 15.05.2022 in NRW
Endgültige Ergebnisse
– [E] = Erststimmen – [Z] = Zweitstimmen –  Ergebnisse von Einzelbewerbern/-innen sind auf Landesebene im Merkmal "Einzelbewerber/-innen" zusammenfasst.
Wahl;Wahlkreisnr.;Wahlkreisname;Wahlberechtigte ohne Sperrvermerk "W";Wahlberechtigte mit Sperrvermerk "W";Wahlberechtigte mit selbst. Wahlschein;Wahlberechtigte insgesamt;Wähler/-innen;darunter mit Wahlschein;Ungültige Stimmen [E];Gültige Stimmen [E];CDU [E];SPD [E];FDP [E];AfD [E];GRÜNE [E];DIE LINKE [E];PIRATEN [E];Die PARTEI [E];FREIE WÄHLER [E];BIG [E];ÖDP [E];Volksabstimmung [E];MLPD [E];DIE VIOLETTEN [E];Gesundheitsforschung [E];ZENTRUM [E];DKP [E];dieBasis [E];DSP [E];Die Urbane. [E];LIEBE [E];FAMILIE [E];neo [E];Die Humanisten [E];PdF [E];LfK [E];Tierschutzpartei [E];Team Todenhöfer [E];Volt [E];Bündnis C [E];LD [E];MENSCHLICHE WELT [E];MSP [E];ÖkoLinX [E];UNABHÄNGIGE [E];Einzelbewerber/-in 1 [E];Einzelbewerber/-in 2 [E];Einzelbewerber/-innen [E];Sonstige [E];Ungültige Stimmen [Z];Gültige Stimmen [Z];CDU [Z];SPD [Z];FDP [Z];AfD [Z];GRÜNE [Z];DIE LINKE [Z];PIRATEN [Z];Die PARTEI [Z];FREIE WÄHLER [Z];BIG [Z];ÖDP [Z];Volksabstimmung [Z];MLPD [Z];DIE VIOLETTEN [Z];Gesundheitsforschung [Z];ZENTRUM [Z];DKP [Z];dieBasis [Z];DSP [Z];Die Urbane. [Z];LIEBE [Z];FAMILIE [Z];neo [Z];Die Humanisten [Z];PdF [Z];LfK [Z];Tierschutzpartei [Z];Team Todenhöfer [Z];Volt [Z];Bündnis C [Z];LD [Z];MENSCHLICHE WELT [Z];MSP [Z];ÖkoLinX [Z];UNABHÄNGIGE [Z];Einzelbewerber/-in 1 [Z];Einzelbewerber/-in 2 [Z];Einzelbewerber/-innen [Z];Sonstige [Z]
Wahl;Wahlkreisnr.;Wahlkreisname;A1;A2;A3;A;B;B1;C;D;D1;D2;D3;D4;D5;D6;D7;D8;D9;D10;D11;D12;D13;D14;D15;D16;D17;D18;D19;D20;D21;D22;D23;D24;D25;D26;D27;D28;D29;D30;D31;D32;D33;D34;D35;D36;D37;D38;D39;E;F;F1;F2;F3;F4;F5;F6;F7;F8;F9;F10;F11;F12;F13;F14;F15;F16;F17;F18;F19;F20;F21;F22;F23;F24;F25;F26;F27;F28;F29;F30;F31;F32;F33;F34;F35;F36;F37;F38;F39
LW22;000;Nordrhein-Westfalen;9286475;3679375;8;12965858;7200293;3403143;69736;7130557;2607596;2092933;390062;368271;1269804;162005;4501;82699;34886;;;1038;3544;631;;1067;1681;55292;;399;739;1462;;280;;;7488;3533;27784;476;185;158;85;134;389;;;11435;;53462;7146831;2552276;1905002;418460;388768;1299821;146634;19248;76006;49985;4222;9664;5606;3354;2990;6833;4162;3049;60084;3839;5201;8235;14684;2192;8211;6154;6364;75811;14799;45177;;;;;;;;;;
LW22;001;Aachen I;57723;26906;0;84629;51102;24613;707;50395;13624;10945;3110;;18743;1745;;1285;;;;;;;;;;758;;;;;;;;;;;;;185;;;;;;;;;264;50838;13243;9838;3799;1303;17085;1598;196;753;186;19;162;24;21;7;29;16;19;399;10;50;25;33;12;260;77;32;339;65;1238;;;;;;;;;;
LW22;002;Aachen II;61553;25060;0;86613;49767;23017;710;49057;15948;11788;2272;;14266;1734;;1348;;;;;;;;;;864;;;;;;;;;;;837;;;;;;;;;;;385;49382;15085;10848;2784;1716;14002;1538;152;718;220;32;158;26;17;17;19;16;26;396;15;50;32;47;10;118;55;32;395;78;780;;;;;;;;;;
LW22;003;Aachen III;84442;31119;0;115561;60482;28845;795;59687;23105;19208;3102;3078;8604;975;;1143;;;;;;;;;;472;;;;;;;;;;;;;;;;;;;;;;631;59851;22566;18084;3246;3267;8538;905;165;601;350;35;85;49;5;21;51;37;12;355;26;30;81;114;22;46;40;41;673;112;294;;;;;;;;;;
LW22;004;Aachen IV;78247;30941;0;109188;60416;28529;749;59667;22195;21231;2791;3070;7712;800;;1255;;;;;;;;;;613;;;;;;;;;;;;;;;;;;;;;;698;59718;23462;17418;3273;3120;8365;758;146;683;310;15;126;51;3;22;64;34;13;524;37;15;58;109;15;36;44;76;655;94;192;;;;;;;;;;
LW22;005;Rhein-Erft-Kreis I;80685;38057;0;118742;68544;35350;678;67866;30282;18184;2724;3858;9767;1074;741;;;;;;;;;;;595;;;350;;;;;;;240;;;;;;;;51;;;;569;67975;27428;17260;4159;3864;10396;889;319;435;476;29;40;55;9;23;59;35;7;549;43;24;259;153;25;53;51;57;774;217;287;;;;;;;;;;
LW22;006;Rhein-Erft-Kreis II;80107;32915;0;113022;63408;29709;577;62831;23798;17104;3546;2977;11560;1195;957;;821;;;;;;;;;483;;;;;;;;;;;390;;;;;;;;;;;504;62904;22677;16136;4006;3097;11746;1166;488;449;614;38;86;54;8;32;42;37;17;408;38;48;101;127;17;60;49;64;632;207;460;;;;;;;;;;
LW22;007;Rhein-Erft-Kreis III;78562;34265;0;112827;64458;32017;643;63815;23645;16260;4309;3394;12274;1217;622;;1269;;;;;;;;;561;;;;;;;;;;264;;;;;;;;;;;;498;63960;23603;15968;3941;3463;11910;1171;287;417;729;30;72;44;11;27;56;25;18;549;42;33;90;126;11;73;50;46;645;191;332;;;;;;;;;;
LW22;008;Euskirchen I;83959;33980;0;117939;65078;31078;825;64253;25902;17948;4217;4863;9352;1429;;;;;;;;;;;;;;;;;;;;;;;542;;;;;;;;;;;615;64463;27066;14723;4224;4595;8806;1110;173;537;480;18;88;78;4;36;80;37;8;600;42;24;115;147;29;60;39;52;764;87;441;;;;;;;;;;
LW22;009;Heinsberg I;69276;22251;0;91527;49695;20518;616;49079;23583;11355;2570;2509;5878;745;225;727;1045;;;;;;;;;442;;;;;;;;;;;;;;;;;;;;;;591;49104;23149;10840;2537;2676;6075;768;194;483;682;6;47;34;6;21;38;22;8;421;21;21;67;122;13;34;21;43;557;31;167;;;;;;;;;;
LW22;010;Heinsberg II;74985;25488;0;100473;54264;23107;600;53664;24560;12327;2437;3272;7993;1017;467;;913;;;;;;;;;678;;;;;;;;;;;;;;;;;;;;;;539;53725;23021;12095;2901;3324;7955;936;240;442;612;22;55;47;4;32;54;26;11;618;34;19;70;138;26;37;33;40;705;61;167;;;;;;;;;;
LW22;011;Düren I;70931;32436;0;103367;60487;29966;792;59695;26911;16156;3127;3955;7287;1048;;;;;;;;;;;;748;;;;;;;;;;;463;;;;;;;;;;;604;59883;25287;15631;3329;3916;7238;845;201;387;435;18;57;64;7;26;82;25;14;549;33;19;83;172;22;53;36;61;837;74;382;;;;;;;;;;
LW22;012;Düren II - Euskirchen II;82729;32846;0;115575;60694;30146;875;59819;26040;16414;3628;4098;7184;1154;;;;;;;;;;;;912;;;;;;;;;;;;;;;;;389;;;;;682;60012;25254;14503;3574;3987;7994;1018;176;410;367;25;72;83;5;30;84;42;27;694;44;43;98;163;16;48;43;56;835;92;229;;;;;;;;;;
LW22;013;Köln I;63305;41877;0;105182;66795;38727;287;66508;18736;13826;4031;1723;22345;2166;;1149;611;;;;;;;;;446;;;;;;;;;;;1475;;;;;;;;;;;211;66584;17333;13710;5089;1833;21508;2265;120;793;394;26;101;25;19;23;38;25;34;439;23;160;48;64;9;96;59;57;477;109;1707;;;;;;;;;;
LW22;014;Köln II;62004;49402;0;111406;76693;45820;512;76181;19348;15360;6661;1705;27348;2709;;1225;;;;;;;;;;;;;;;;;;;512;;1313;;;;;;;;;;;202;76491;21576;14085;6199;1622;25893;1992;126;705;325;31;118;37;26;24;38;29;20;468;41;135;35;54;12;125;92;43;545;147;1948;;;;;;;;;;
LW22;015;Köln III;71308;40895;0;112203;65817;37855;359;65458;9019;16973;3336;1861;27221;2838;;1457;381;;;;;;;;;522;;399;;;;;;;;;1317;;;;;134;;;;;;268;65549;10600;15163;3210;1806;25780;3270;139;1045;294;59;138;38;37;24;45;21;36;481;28;336;69;70;20;104;63;65;575;206;1827;;;;;;;;;;
LW22;016;Köln IV;65261;30046;0;95307;48318;27653;427;47891;12956;15029;2876;2696;10693;1397;;984;;;;;;;;;;389;;;;;;;;;;284;587;;;;;;;;;;;310;48008;14076;13122;2720;2690;10395;1427;99;574;266;51;71;39;18;19;47;29;15;377;36;87;53;97;12;60;49;60;487;270;762;;;;;;;;;;
LW22;017;Köln V;65002;32691;0;97693;51860;30200;483;51377;17413;16207;2168;2890;9309;1342;;879;;;;;;;;;;;;;;;;;;;600;;569;;;;;;;;;;;348;51512;16525;13749;3131;2959;10171;1226;143;588;337;34;77;54;29;26;56;25;21;360;39;48;67;103;11;69;73;65;678;168;680;;;;;;;;;;
LW22;018;Köln VI;75003;37790;0;112793;60950;34684;526;60424;8758;15847;4409;2196;22364;3155;;1695;;;;;155;;;;;;;;;;;;;;;;1657;;;;;;;188;;;;267;60683;11013;13537;3996;2036;21205;3197;154;1038;279;49;116;44;85;29;40;25;43;401;27;292;59;47;21;139;91;82;573;192;1873;;;;;;;;;;
LW22;019;Köln VII;64792;29161;0;93953;47660;26908;414;47246;10965;15504;2190;2154;11090;2310;;1115;;;;;157;;;;;497;;;;;;;;;;;1159;;;;;;;105;;;;290;47370;11398;13031;2380;2147;12341;1931;146;769;245;82;74;46;76;19;32;20;29;404;34;127;59;70;20;71;58;54;475;165;1067;;;;;;;;;;
LW22;020;Leverkusen ;85376;28052;0;113428;58761;25391;519;58242;19700;18491;3231;3376;9846;910;488;941;;;;;71;;;;;735;;;224;;;;;;;;;;;;;;;229;;;;487;58274;19639;16060;3632;3367;10723;1014;247;709;345;41;70;39;50;22;69;41;11;610;26;36;110;117;20;64;67;72;560;122;391;;;;;;;;;;
LW22;021;Rheinisch-Bergischer Kreis I;69617;35111;0;104728;63918;32775;530;63388;23710;15446;4381;2681;14568;1166;;;;;;;;;;;;616;;;;;;;;;;;820;;;;;;;;;;;402;63516;22942;13897;4519;2714;14889;1000;118;403;377;13;86;39;12;25;51;30;10;630;28;38;44;112;19;88;45;50;551;105;681;;;;;;;;;;
LW22;022;Rheinisch-Bergischer Kreis II;76568;34725;0;111293;68808;32265;508;68300;34895;13643;3999;3400;10693;1076;;;;;;;;;;;;;;;;;;;;;;;594;;;;;;;;;;;393;68415;28519;14143;4832;3310;12636;800;143;520;517;26;87;45;12;34;57;32;11;664;45;29;74;150;20;53;76;61;745;69;705;;;;;;;;;;
LW22;023;Oberbergischer Kreis I;68946;22879;0;91825;51888;20738;532;51356;21823;12976;2589;3814;8232;1237;;;;;;;;;;;;685;;;;;;;;;;;;;;;;;;;;;;415;51473;20798;11953;3041;3763;7753;1007;157;534;334;21;72;49;11;30;54;29;8;623;38;23;65;145;34;47;66;45;523;71;179;;;;;;;;;;
LW22;024;Oberbergischer Kreis II;74227;23180;0;97407;52220;20825;602;51618;20414;14717;2921;5047;7121;1398;;;;;;;;;;;;;;;;;;;;;;;;;;;;;;;;;;425;51795;19177;13088;3089;4787;7289;1057;136;427;366;18;99;81;6;26;63;26;15;744;53;26;73;147;27;57;52;62;564;48;192;;;;;;;;;;
LW22;025;Rhein-Sieg-Kreis I;67777;29092;0;96869;56506;26565;535;55971;23117;15032;2762;3146;8315;1153;;869;;;;239;;;;;;947;;;;;;;;;;;233;;;158;;;;;;;;452;56054;21338;12816;3672;3351;9931;1070;193;636;337;11;95;168;6;21;52;46;8;845;31;22;77;118;19;44;62;49;679;69;288;;;;;;;;;;
LW22;026;Rhein-Sieg-Kreis II;58783;29913;0;88696;57027;27780;479;56548;23111;13345;4393;2296;10767;927;;756;;;;212;;;;;;741;;;;;;;;;;;;;;;;;;;;;;372;56655;23123;11451;4187;2437;11318;929;140;477;353;21;98;112;9;26;50;42;5;643;22;29;58;78;16;65;35;42;495;87;307;;;;;;;;;;
LW22;027;Rhein-Sieg-Kreis III - Euskirchen III;69821;33050;0;102871;62979;30590;617;62362;25560;14477;4270;3086;12402;1310;;;;;;;;;;;;927;;;;;;;;;;330;;;;;;;;;;;;442;62537;25327;12668;4246;3198;11918;1054;161;479;517;25;87;75;6;21;61;35;13;827;27;26;75;161;12;82;49;50;730;196;411;;;;;;;;;;
LW22;028;Rhein-Sieg-Kreis IV;64844;25485;0;90329;50485;23510;450;50035;21217;12724;2723;2542;7702;1020;;781;;;;269;;;;;;563;;;165;;;;;;;;329;;;;;;;;;;;399;50086;19082;11974;3194;2673;8893;988;141;599;316;39;54;161;5;27;56;23;5;483;35;19;97;103;15;68;44;35;522;110;325;;;;;;;;;;
LW22;029;Rhein-Sieg-Kreis V;61093;26264;0;87357;51456;24232;508;50948;17641;14056;2965;2631;10689;1098;;860;;;;318;;;;;;690;;;;;;;;;;;;;;;;;;;;;;380;51076;18836;11629;3268;2738;10457;973;157;526;260;10;69;177;11;12;37;33;5;578;23;19;65;79;7;65;49;54;544;85;310;;;;;;;;;;
LW22;030;Bonn I;77896;35444;0;113340;68326;32717;484;67842;20552;16379;3548;2284;19884;2005;;1286;;;;;95;;;;;693;;;;;;;;;;;1116;;;;;;;;;;;349;67977;19465;14149;4583;2342;20358;2259;163;882;352;82;132;22;33;31;40;21;35;661;25;77;51;60;10;175;61;50;457;130;1271;;;;;;;;;;
LW22;031;Bonn II;76810;37930;0;114740;72667;35055;468;72199;23976;14284;6393;2116;20718;1747;;950;;;;;;;;;;700;;;;;;280;;;;;1035;;;;;;;;;;;366;72301;23800;14283;5654;2363;19472;1828;226;701;374;110;125;32;20;22;49;38;36;684;17;69;31;51;14;183;69;41;438;190;1381;;;;;;;;;;
LW22;032;Wuppertal I;69245;16057;0;85302;38704;14779;445;38259;11154;13761;2592;2967;5528;1206;;;773;;;;;;;;;;;;;;;;;;;;278;;;;;;;;;;;353;38351;11755;11294;2270;2801;6519;994;113;425;384;22;41;22;32;19;37;23;24;336;23;36;49;100;14;44;31;37;509;95;302;;;;;;;;;;
LW22;033;Wuppertal II;65312;19941;0;85253;44908;18391;368;44540;12939;13882;2129;2216;9331;1657;;951;390;;;;89;;;;;539;;;;;;;;;;;417;;;;;;;;;;;327;44581;12918;12273;2576;2236;9739;1675;129;681;313;21;60;27;58;14;27;27;42;443;13;43;31;54;12;63;48;40;464;115;439;;;;;;;;;;
LW22;034;Wuppertal III - Solingen II;66642;20035;0;86677;45804;18253;456;45348;14041;14423;2546;2785;8702;1359;;1114;;;;;;;;;;;;;;;;;;;;;378;;;;;;;;;;;375;45429;14339;12693;2760;2701;8767;1165;104;598;242;14;46;26;25;11;50;25;22;436;33;34;57;96;8;70;47;51;487;93;429;;;;;;;;;;
LW22;035;Solingen I;65826;21052;0;86878;44658;18317;472;44186;16149;12913;2417;2426;7950;;;1109;;;;;163;;;;;692;;;;;;;;;;;367;;;;;;;;;;;354;44304;14983;11940;2791;2410;8316;917;113;654;244;44;54;33;45;18;49;22;14;493;31;28;40;94;19;57;45;32;457;77;284;;;;;;;;;;
LW22;036;Remscheid I - Oberbergischer Kreis III;69711;22396;0;92107;46313;20436;548;45765;17306;15632;2408;3266;5675;1478;;;;;;;;;;;;;;;;;;;;;;;;;;;;;;;;;;409;45904;16779;12919;2753;3123;6598;1002;175;397;245;52;53;44;13;22;63;31;9;352;32;23;66;139;54;45;43;43;592;108;129;;;;;;;;;;
LW22;037;Mettmann I;63144;29817;0;92961;53963;27712;536;53427;21737;12941;4083;2814;10182;1100;;;;;;;;;;;;;;;;;;;;;;;570;;;;;;;;;;;355;53608;20960;12394;3491;2603;9918;794;155;442;372;19;67;69;12;25;73;35;19;464;28;31;67;142;32;57;51;66;603;118;501;;;;;;;;;;
LW22;038;Mettmann II;64409;27451;0;91860;53752;25701;497;53255;20890;13970;3276;2956;10422;1217;;;;;;;;;;;;;;;;;;;;;;;;;;;;;;524;;;;333;53419;20147;12629;3594;2903;10306;862;169;371;334;24;69;42;18;20;57;31;13;451;36;27;59;113;11;59;61;46;630;116;221;;;;;;;;;;
LW22;039;Mettmann III - Mülheim II;65679;28043;0;93722;56192;26315;462;55730;24029;14182;3296;2717;9327;822;;1357;;;;;;;;;;;;;;;;;;;;;;;;;;;;;;;;316;55876;22043;13117;4077;2637;10139;724;176;760;319;27;52;37;23;25;51;27;11;395;33;22;58;106;13;45;37;44;562;88;228;;;;;;;;;;
LW22;040;Mettmann IV;65585;25264;0;90849;50880;23457;576;50304;19364;11680;3283;3346;10212;1234;1001;;;;;;;;;;;;;;;;;;;;;;;141;;;;;;43;;;;402;50478;18332;12875;3437;3340;8403;948;388;405;357;27;52;37;30;23;59;31;17;471;26;26;64;136;31;42;46;56;563;103;153;;;;;;;;;;
LW22;041;Düsseldorf I;68720;37572;1;106293;65967;34734;413;65554;23718;13485;5284;2404;17580;1301;;999;;;;;85;;;;;;;;;;;;;;;;698;;;;;;;;;;;299;65668;23208;13050;6385;2319;15645;1228;122;651;370;30;86;27;42;21;42;46;15;442;24;62;49;73;12;80;56;50;507;139;887;;;;;;;;;;
LW22;042;Düsseldorf II;76528;32774;0;109302;60451;29892;435;60016;18804;16382;4728;2404;13759;1448;;1137;;;;;;;;;;698;;;;;;;;;;;656;;;;;;;;;;;323;60128;18421;14075;4516;2471;15006;1572;132;682;318;22;93;33;34;26;41;30;43;586;57;89;55;83;25;67;65;76;613;156;741;;;;;;;;;;
LW22;043;Düsseldorf III;68269;35725;3;103997;63658;32797;371;63287;20171;13842;4351;1959;18457;1758;;1115;;;;;94;;;;;676;;;;;;;;;;;864;;;;;;;;;;;296;63362;19645;12806;5359;2052;17499;1863;129;770;270;17;89;18;49;24;46;20;32;570;26;96;50;56;19;98;72;59;525;154;949;;;;;;;;;;
LW22;044;Düsseldorf IV;62524;25821;0;88345;48581;23800;431;48150;17547;12831;3347;2854;9425;1151;;;;;;;;;;;;515;;;;;;;;;;;480;;;;;;;;;;;303;48278;16920;11634;3228;2806;9504;996;133;451;326;35;59;31;31;25;40;34;27;437;27;39;52;82;17;62;42;90;523;130;497;;;;;;;;;;
LW22;045;Rhein-Kreis Neuss I;77141;30758;0;107899;57599;28891;456;57143;23191;18408;2754;2604;7106;910;;815;;;;;;;;148;;817;;;;;;;;;;;390;;;;;;;;;;;374;57225;22559;13992;3436;2773;9837;931;131;578;337;51;63;26;20;15;50;84;21;705;32;35;59;82;23;53;72;52;604;170;434;;;;;;;;;;
LW22;046;Rhein-Kreis Neuss II;75891;32794;0;108685;61309;30511;601;60708;25828;16368;3894;3026;7957;775;;1230;;;;;;;;503;;808;;;;;;;;;;;319;;;;;;;;;;;517;60792;24892;15303;4277;3249;8317;769;123;741;310;24;46;29;18;21;77;322;18;688;45;24;85;111;33;59;51;59;680;132;289;;;;;;;;;;
LW22;047;Rhein-Kreis Neuss III;79135;35945;0;115080;72263;33704;557;71706;32238;16062;5236;2565;12437;919;;;868;;;;;;;192;;867;;;;;;;;;;;322;;;;;;;;;;;433;71830;31408;14076;5982;2678;13055;817;165;504;539;15;99;32;11;25;56;149;27;690;41;31;65;129;19;70;56;55;629;89;318;;;;;;;;;;
LW22;048;Krefeld I - Viersen III;66478;22238;0;88716;45755;20540;550;45205;15641;12908;2818;2820;8031;1011;;1002;838;;;;73;;;;63;;;;;;;;;;;;;;;;;;;;;;;428;45327;15727;12118;2783;2547;8316;964;152;500;456;32;61;45;36;18;45;18;41;413;15;19;63;75;19;50;43;44;452;98;177;;;;;;;;;;
LW22;049;Krefeld II;68220;23659;0;91879;49449;21943;511;48938;18192;13720;3065;2393;8789;1246;;900;572;;;;;;;;61;;;;;;;;;;;;;;;;;;;;;;;361;49088;18143;12304;3358;2318;9139;989;142;513;346;25;49;30;23;26;41;31;36;509;26;30;48;90;11;61;45;36;465;65;189;;;;;;;;;;
LW22;050;Mönchengladbach I;76293;19374;0;95667;43936;17906;824;43112;16639;12377;2511;;7173;1562;;;;;;;;;;;189;1515;;;;;;;;;1146;;;;;;;;;;;;;383;43553;16118;11238;2483;2593;7050;996;127;434;262;56;52;33;4;16;33;26;70;781;22;11;49;74;18;57;41;31;663;86;129;;;;;;;;;;
LW22;051;Mönchengladbach II;67855;20439;0;88294;43934;18880;610;43324;18191;12481;2896;;6384;951;;886;;;;;;;;224;89;1222;;;;;;;;;;;;;;;;;;;;;;370;43564;17675;10293;2799;1881;7360;806;128;502;217;24;43;27;8;21;30;82;42;548;35;44;52;79;12;49;45;30;511;65;156;;;;;;;;;;
LW22;052;Viersen I;80047;30147;0;110194;60404;28045;536;59868;25484;15163;3197;2425;10227;980;;920;573;;;;;;;;;625;;;;;;;;;;;274;;;;;;;;;;;449;59955;24875;13424;3652;2590;10926;929;138;648;409;26;87;51;15;24;44;32;13;573;29;24;64;122;24;73;58;56;719;81;249;;;;;;;;;;
LW22;053;Viersen II;66676;26577;1;93254;53755;24763;490;53265;23686;12471;3890;2424;8131;807;;937;776;;;;;;;;;;;;;;;;;;;;143;;;;;;;;;;;402;53353;22937;11846;3764;2369;8625;691;119;607;539;16;135;44;6;15;52;31;9;366;27;21;63;130;17;45;34;52;548;40;205;;;;;;;;;;
LW22;054;Kleve I;82047;31211;0;113258;65188;29049;670;64518;28932;15570;4233;2512;9642;961;;;1976;;;;;;;;;692;;;;;;;;;;;;;;;;;;;;;;534;64654;29660;14225;3960;2602;9589;836;136;469;1034;17;76;35;10;27;64;39;8;567;39;31;79;145;16;46;42;43;652;55;152;;;;;;;;;;
LW22;055;Kleve II;79624;31645;0;111269;58550;29226;945;57605;25084;15391;3636;;9722;1367;;;2405;;;;;;;;;;;;;;;;;;;;;;;;;;;;;;;550;58000;25146;14617;3216;2306;8973;833;115;347;718;25;64;40;12;36;63;39;9;307;32;25;74;96;10;50;43;52;546;31;175;;;;;;;;;;
LW22;056;Oberhausen I;66608;18733;0;85341;39344;17523;451;38893;11394;15680;1586;3316;5217;1319;;;;;;;;381;;;;;;;;;;;;;;;;;;;;;;;;;;336;39008;10946;14566;1560;3149;5236;1043;111;500;207;50;40;35;30;133;38;22;19;169;24;22;59;102;9;60;40;36;579;107;116;;;;;;;;;;
LW22;057;Oberhausen II - Wesel I;79619;32436;0;112055;61049;30307;640;60409;17958;24023;2853;3805;9574;1531;;;;;;;;250;;;;;;;;;;;;;;;415;;;;;;;;;;;470;60579;18456;21880;2809;3554;9276;1142;146;707;324;76;56;60;38;84;80;23;11;247;31;16;72;152;17;57;48;38;747;137;295;;;;;;;;;;
LW22;058;Wesel II;84482;30415;0;114897;63996;28379;634;63362;22344;24232;2668;3474;7639;1162;;1181;;;;;;;;;;662;;;;;;;;;;;;;;;;;;;;;;510;63486;22712;20599;3073;3505;8954;1057;163;812;358;17;54;45;26;30;57;27;10;498;41;20;57;144;21;40;41;55;817;136;117;;;;;;;;;;
LW22;059;Wesel III;63926;26629;0;90555;52734;24844;448;52286;22462;15550;2613;2148;6861;915;;1105;;;;;;;;;;463;;;;;;;;;;169;;;;;;;;;;;;366;52368;21509;14486;2864;2244;7769;691;111;772;267;13;39;34;13;17;49;22;4;408;30;17;57;107;7;32;41;38;546;86;95;;;;;;;;;;
LW22;060;Wesel IV;70917;25665;0;96582;53347;24015;517;52830;17971;20422;1873;2950;7029;781;;970;;;;;;;;;;582;;;;;;;;;;252;;;;;;;;;;;;447;52900;16920;18007;2546;3036;8317;861;123;668;290;31;41;43;38;20;51;30;16;500;35;19;72;107;14;45;44;52;649;215;110;;;;;;;;;;
LW22;061;Duisburg I;75342;29859;0;105201;56914;27461;629;56285;14529;20594;2879;3639;10789;1840;;1350;;;;;126;;;;;;;;;;;;;;;;335;;;;;;;204;;;;454;56460;15095;18635;2750;3374;10881;1667;154;820;351;56;53;43;54;25;70;36;49;388;42;72;68;112;17;95;67;69;818;300;299;;;;;;;;;;
LW22;062;Duisburg II;85751;26172;0;111923;53454;24025;657;52797;14022;20092;1932;4437;7261;1304;;1149;;;;;291;;;;;;;;;;;;;;;;;;;;;;;2309;;;;563;52891;14037;19848;2287;4303;7308;1166;144;748;366;74;49;56;117;32;70;38;25;332;44;35;85;154;22;60;52;53;884;353;149;;;;;;;;;;
LW22;063;Duisburg III;82155;17938;0;100093;38151;16151;617;37534;8292;15734;1683;4134;4563;1366;;989;;;;;168;;;;;;;;;;;;;;;605;;;;;;;;;;;;521;37630;8934;14146;1543;3799;4884;1194;121;562;251;56;25;25;113;20;38;25;25;195;26;21;53;133;12;33;34;33;644;535;150;;;;;;;;;;
LW22;064;Mülheim I;81641;30220;0;111861;64607;28105;611;63996;20166;22347;3603;3497;10771;1119;;1447;;;;;124;;;;;637;;;;;;;;;;;;;;;;;;79;206;;;476;64131;20176;20732;3756;3403;11263;1161;148;804;393;74;51;36;54;46;61;29;31;483;30;29;67;102;14;78;51;48;630;129;252;;;;;;;;;;
LW22;065;Essen I;76253;19219;0;95472;44826;17891;371;44455;11656;21609;1380;3741;3840;779;;807;;;;;63;;;;65;335;;;;;;;;;;;180;;;;;;;;;;;349;44477;12390;17612;1751;3579;5513;850;103;549;259;38;41;29;53;18;63;39;58;289;25;24;46;106;11;45;32;40;608;145;161;;;;;;;;;;
LW22;066;Essen II;80819;20917;0;101736;47540;19531;444;47096;13596;18074;2185;3959;6060;1048;;952;524;;;;90;;;;64;349;;;;;;;;;;;195;;;;;;;;;;;413;47127;13618;16975;2029;3812;6631;1032;139;633;346;40;42;21;75;20;43;29;59;304;17;41;66;101;19;53;38;37;587;122;198;;;;;;;;;;
LW22;067;Essen III;79335;27005;0;106340;57909;25275;487;57422;14456;18428;2604;2542;14641;1904;;1537;;;;;94;;;;131;612;;;;;;;;;;;473;;;;;;;;;;;336;57573;14305;17812;2942;2485;14043;1847;170;1066;295;36;81;23;68;19;48;27;95;497;28;91;58;60;22;106;65;58;576;144;506;;;;;;;;;;
LW22;068;Essen IV;68302;32601;0;100903;67844;30731;478;67366;28052;17834;3562;2660;12315;900;;1050;;;;;;;;;65;653;;;;;;;;;;;275;;;;;;;;;;;356;67488;25768;17790;4391;2716;12789;904;94;635;289;10;63;27;17;29;30;27;32;600;27;30;51;64;12;56;48;53;557;90;289;;;;;;;;;;
LW22;069;Recklinghausen I;77679;29269;0;106948;55383;27081;564;54819;16549;21857;2746;3800;6912;1088;;949;511;;;;91;;;;;;;;;;;;;;;;165;;;;;;;151;;;;458;54925;17820;18226;2675;3809;8058;1095;158;650;336;44;54;50;56;13;64;33;18;325;25;27;66;116;13;70;36;55;706;140;187;;;;;;;;;;
LW22;070;Recklinghausen II;77072;25533;0;102605;49770;23509;551;49219;13324;17161;2082;3462;4844;854;;737;404;;;;;;;;59;;;;;;;;;;;;;;;;;;;6292;;;;565;49205;15473;17531;2390;3781;6098;807;159;496;368;38;46;57;42;25;66;28;24;279;30;14;90;165;15;43;40;48;815;127;110;;;;;;;;;;
LW22;071;Recklinghausen III;65397;29255;0;94652;56543;27212;523;56020;24909;15395;2533;3382;7798;866;;1137;;;;;;;;;;;;;;;;;;;;;;;;;;;;;;;;367;56176;23761;14925;2803;3160;8095;747;100;582;267;19;47;46;11;12;59;28;9;302;37;15;57;119;13;32;49;63;623;52;143;;;;;;;;;;
LW22;072;Recklinghausen IV;74287;30216;0;104503;53891;27948;593;53298;17414;21891;2210;3750;6257;1273;;;;;;;;;;;;;;;;;;;;;;214;;;;;;;;289;;;;438;53453;17453;18745;2424;3664;7272;916;155;524;301;20;48;51;28;17;89;41;19;265;34;24;62;168;25;59;34;56;700;156;103;;;;;;;;;;
LW22;073;Gelsenkirchen I - Recklinghausen V;79249;22706;0;101955;47290;21318;583;46707;13264;19755;2293;4589;5310;1173;;;;;;;181;;;;142;;;;;;;;;;;;;;;;;;;;;;;408;46882;13357;17644;2158;4298;5660;834;127;440;241;132;39;50;103;26;67;23;78;238;27;30;60;123;14;43;44;32;730;152;112;;;;;;;;;;
LW22;074;Gelsenkirchen II;83433;21557;0;104990;45791;20147;519;45272;12157;18601;1985;5047;5087;1121;;;828;;;;225;;;;;;;;;;;;;;;;221;;;;;;;;;;;416;45375;12195;17035;1879;4868;5280;910;122;468;456;84;48;39;135;28;44;26;35;211;24;26;66;97;14;34;47;39;787;262;116;;;;;;;;;;
LW22;075;Bottrop - Recklinghausen VI;74831;25046;0;99877;53351;23414;587;52764;16086;21939;2397;3736;6379;932;;;;;;;70;;;;343;483;;;;;;;;;;399;;;;;;;;;;;;446;52905;16463;19425;2428;3696;6780;780;128;473;252;46;209;34;34;21;62;38;223;331;27;26;63;100;10;51;47;47;722;252;137;;;;;;;;;;
LW22;076;Borken I;82620;27234;0;109854;66025;25632;748;65277;39639;12574;2577;;7590;1332;;1565;;;;;;;;;;;;;;;;;;;;;;;;;;;;;;;;478;65547;33434;13026;3484;2134;10272;768;100;492;330;11;67;24;16;18;53;21;10;368;21;21;57;98;13;57;36;55;374;39;148;;;;;;;;;;
LW22;077;Borken II;83301;27137;0;110438;63570;25051;953;62617;37257;13292;3362;;6795;1911;;;;;;;;;;;;;;;;;;;;;;;;;;;;;;;;;;440;63130;33947;12379;3617;2287;7888;844;134;340;329;11;47;34;8;13;47;29;17;192;38;19;53;142;12;55;30;42;350;61;165;;;;;;;;;;
LW22;078;Coesfeld I - Borken III;70581;33580;0;104161;66549;31040;440;66109;33392;13038;4156;2123;11892;856;;;;;;;;;;;;;;;;652;;;;;;;;;;;;;;;;;;342;66207;34267;12641;3685;2125;10161;663;128;398;395;5;40;29;7;16;54;29;6;333;38;20;52;339;12;50;49;39;403;41;182;;;;;;;;;;
LW22;079;Coesfeld II;69883;32492;0;102375;64454;30123;474;63980;30470;14613;3459;2596;11621;1221;;;;;;;;;;;;;;;;;;;;;;;;;;;;;;;;;;413;64041;29925;13682;3516;2526;10882;843;115;402;440;4;50;47;5;24;72;20;11;370;34;21;63;159;17;50;67;38;437;54;167;;;;;;;;;;
LW22;080;Steinfurt I;78256;29369;0;107625;64215;26501;518;63697;29444;15602;3039;2190;11591;1468;;;;;;;;;;;;363;;;;;;;;;;;;;;;;;;;;;;465;63750;28884;14864;3502;2223;10620;991;149;459;485;11;73;30;13;16;54;27;12;265;35;15;66;103;13;43;52;48;384;64;249;;;;;;;;;;
LW22;081;Steinfurt II;85207;25111;0;110318;62707;23393;449;62258;26848;16801;3026;2582;11233;1368;;;;;;;;;;;;400;;;;;;;;;;;;;;;;;;;;;;395;62312;26339;15679;3190;2545;11029;1105;121;391;312;8;41;30;8;18;46;24;9;331;32;24;56;98;18;58;39;36;388;57;280;;;;;;;;;;
LW22;082;Steinfurt III;89110;23827;0;112937;63688;22059;407;63281;27754;20245;2325;2759;8264;1518;;;;;;;;;;;;416;;;;;;;;;;;;;;;;;;;;;;481;63207;24357;19055;2975;2804;10360;1231;153;374;293;16;65;36;10;21;44;24;8;339;22;22;55;116;11;40;42;46;419;61;208;;;;;;;;;;
LW22;083;Münster I - Steinfurt IV;59186;29866;0;89052;59032;27932;443;58589;19570;12651;2922;1391;19194;1437;;825;;;;;;;;;;;;;;;;;;;;;599;;;;;;;;;;;261;58771;19478;11915;3455;1324;17880;1496;111;566;204;8;214;18;10;26;48;14;33;294;20;53;34;50;9;154;42;47;299;78;891;;;;;;;;;;
LW22;084;Münster II;57951;30425;0;88376;58145;28413;359;57786;17740;11982;2868;1330;20377;1797;;880;;;;;;;;;;;;;;;;;;;;;727;;;;85;;;;;;;260;57885;17365;12159;3196;1385;18678;1701;94;595;219;11;221;10;10;20;38;26;38;234;28;75;35;67;8;128;65;43;354;68;1014;;;;;;;;;;
LW22;085;Münster III - Coesfeld III;56930;33488;0;90418;61953;31217;382;61571;21229;11667;2999;1271;21392;1425;;986;;;;;;;;;;;;;;;;;;;;;602;;;;;;;;;;;243;61710;20569;12333;3846;1268;18847;1428;116;585;243;9;213;27;6;15;49;16;23;267;23;71;22;90;7;150;71;58;350;77;931;;;;;;;;;;
LW22;086;Warendorf I;73916;30527;0;104443;64985;28211;560;64425;30247;14311;3322;2902;12243;1400;;;;;;;;;;;;;;;;;;;;;;;;;;;;;;;;;;425;64560;28952;13764;3636;2769;11478;1041;146;452;510;19;89;35;6;17;54;28;8;362;39;22;64;132;19;56;50;71;471;68;202;;;;;;;;;;
LW22;087;Warendorf II;74449;29367;1;103817;58760;27090;542;58218;26462;16448;3026;3130;8058;1094;;;;;;;;;;;;;;;;;;;;;;;;;;;;;;;;;;433;58327;25056;15070;3206;2909;8411;863;135;391;424;16;65;40;8;18;48;17;12;420;26;29;77;148;19;50;42;62;480;63;222;;;;;;;;;;
LW22;088;Minden-Lübbecke I;82156;30777;1;112934;62092;28320;611;61481;25358;19852;3161;4432;6623;;;;1083;;;;;;;;;637;;;;;;;;;;;;335;;;;;;;;;;576;61516;22961;18398;3644;4557;7818;990;121;465;639;21;60;48;10;11;67;18;10;595;33;29;68;134;23;52;48;43;483;53;117;;;;;;;;;;
LW22;089;Minden-Lübbecke II;78070;28977;0;107047;54581;26388;661;53920;16090;20080;3134;3787;9010;;;;1173;;;;;;;;;646;;;;;;;;;;;;;;;;;;;;;;574;54007;16029;17813;3162;3707;9116;1066;138;490;596;16;46;49;13;17;51;21;28;548;27;41;70;103;15;61;42;48;536;55;103;;;;;;;;;;
LW22;090;Herford I;61214;28597;0;89811;49492;26329;431;49061;16418;17808;1991;3400;6158;1170;;790;620;;;;;;;;;706;;;;;;;;;;;;;;;;;;;;;;407;49085;15963;14986;2580;3542;7928;1107;107;505;429;22;51;27;14;16;57;27;8;705;13;34;59;110;14;40;34;71;465;76;95;;;;;;;;;;
LW22;091;Herford II - Minden-Lübbecke III;74069;28450;0;102519;54298;26185;550;53748;17279;20135;2620;4130;6669;1316;;849;;;;;;;;;;750;;;;;;;;;;;;;;;;;;;;;;486;53812;16904;17851;2928;4135;7649;1200;97;544;366;23;44;53;4;19;57;27;6;708;30;38;85;122;29;54;32;63;532;81;131;;;;;;;;;;
LW22;092;Bielefeld I;60735;30879;0;91614;54367;28735;365;54002;11675;17529;2403;1710;14452;3335;;1899;;;;;62;;;;122;815;;;;;;;;;;;;;;;;;;;;;;274;54093;11037;13900;3143;1792;17016;3082;178;1210;200;188;120;15;52;18;38;33;70;601;22;114;42;53;17;107;61;86;479;84;335;;;;;;;;;;
LW22;093;Bielefeld II;81277;28074;0;109351;55578;26114;629;54949;18954;15502;4314;4121;8831;2137;;;;;;;;;;;;823;;;;;;;;;;;267;;;;;;;;;;;433;55145;17774;15530;3519;4194;9022;1598;144;602;285;176;72;43;17;19;58;40;12;731;34;33;65;142;26;70;58;55;531;104;191;;;;;;;;;;
LW22;094;Gütersloh I - Bielefeld III;64035;30349;0;94384;56914;28116;366;56548;18431;19438;2880;2572;10110;1281;;1036;;;;;;;;;;800;;;;;;;;;;;;;;;;;;;;;;321;56593;18759;15679;3401;2674;11683;1263;124;673;321;52;59;35;2;24;56;29;16;665;27;28;57;117;22;52;40;62;479;54;140;;;;;;;;;;
LW22;095;Gütersloh II;70999;29194;1;100194;54104;26587;435;53669;21525;12790;2569;3163;11759;959;;;;;;;;;;;;628;;;;;;;;;;;276;;;;;;;;;;;407;53697;19960;13252;2968;3271;10388;933;129;392;362;27;77;37;15;20;70;29;22;563;20;34;63;116;20;46;51;43;423;93;273;;;;;;;;;;
LW22;096;Gütersloh III;71053;28772;0;99825;57329;26327;476;56853;30297;10521;2855;3053;8453;963;;;;;;;;;;;;464;;;;;;;;;;;150;;;;;;;97;;;;438;56891;26559;10758;3429;2977;9224;816;130;447;695;25;80;26;10;11;59;24;3;464;35;18;66;120;30;44;57;57;450;70;207;;;;;;;;;;
LW22;097;Lippe I;66021;25514;0;91535;50982;23644;466;50516;17356;14582;2924;3946;8583;859;;711;886;;;;;;;;;669;;;;;;;;;;;;;;;;;;;;;;440;50542;16916;14714;3043;4131;7685;897;138;489;653;39;49;27;9;19;61;26;4;605;25;36;78;119;13;55;46;35;481;50;99;;;;;;;;;;
LW22;098;Lippe II - Herford III;70256;27440;0;97696;54052;25256;1021;53031;17011;18781;3719;;8334;1792;;;1525;;;;;;;;;1869;;;;;;;;;;;;;;;;;;;;;;569;53483;17416;16963;3089;3762;7742;1089;145;476;633;18;67;45;9;16;55;32;12;719;36;25;66;116;30;50;31;53;566;60;162;;;;;;;;;;
LW22;099;Lippe III;62340;26679;0;89019;48571;24170;471;48100;13150;17338;2521;3298;8129;1183;;927;827;;;;;;;;;727;;;;;;;;;;;;;;;;;;;;;;404;48167;14511;14861;2655;3391;8304;1175;121;616;578;23;80;36;8;26;46;20;11;726;27;31;74;104;19;41;29;35;421;68;130;;;;;;;;;;
LW22;100;Paderborn I;83179;32386;0;115565;68092;29870;714;67378;36402;12800;2999;3978;8205;1044;;1109;;;;;;;;;;841;;;;;;;;;;;;;;;;;;;;;;536;67556;35127;11951;3747;4043;8521;1005;124;641;377;16;54;42;8;24;52;27;6;760;22;19;76;139;28;45;43;58;457;50;94;;;;;;;;;;
LW22;101;Paderborn II;78262;37399;0;115661;62355;34566;481;61874;25907;11033;3732;3908;13269;1586;;1412;;;;;;;;;;752;;;;;;;;;;;275;;;;;;;;;;;427;61928;23840;11281;3916;4113;13571;1548;137;863;346;46;83;50;21;11;63;34;19;680;31;36;57;108;14;116;56;78;444;107;259;;;;;;;;;;
LW22;102;Höxter;84263;25917;0;110180;64154;24000;702;63452;33412;15757;2289;3566;6851;;;;851;;;;;;;;;726;;;;;;;;;;;;;;;;;;;;;;627;63527;31791;13798;3105;3591;7446;854;180;426;519;8;131;43;9;16;67;33;11;515;27;23;64;152;19;33;26;38;476;58;68;;;;;;;;;;
LW22;103;Hagen I;69475;19855;0;89330;41277;18231;403;40874;13811;14189;2436;3093;5140;821;;;929;;;;95;;;;;;;;;;;;;;;360;;;;;;;;;;;;293;40984;14308;12539;2240;2942;5628;664;113;357;478;29;42;24;53;14;43;16;14;237;22;15;42;86;13;34;38;29;533;354;77;;;;;;;;;;
LW22;104;Hagen II - Ennepe-Ruhr-Kreis III;68079;21888;0;89967;45087;20343;543;44544;14050;16722;2390;3528;6745;1109;;;;;;;;;;;;;;;;;;;;;;;;;;;;;;;;;;362;44725;14191;14700;2334;3202;6603;796;126;475;416;27;61;44;19;32;43;28;16;413;26;25;61;105;17;43;35;41;610;133;103;;;;;;;;;;
LW22;105;Ennepe-Ruhr-Kreis I;74488;29419;0;103907;60855;27672;550;60305;18312;20486;3566;3306;10922;1188;;930;802;;;;;;;;;793;;;;;;;;;;;;;;;;;;;;;;483;60372;18721;19172;3599;3329;10677;1071;198;642;511;27;89;48;34;32;72;31;30;660;33;26;58;116;16;51;91;46;722;115;155;;;;;;;;;;
LW22;106;Ennepe-Ruhr-Kreis II;61299;29262;0;90561;51433;27229;526;50907;15441;16471;2086;2657;11198;1132;;1075;;;;;125;;;;;722;;;;;;;;;;;;;;;;;;;;;;426;51007;14621;16337;2630;2717;10157;1048;310;670;276;14;96;43;75;25;49;19;26;557;30;38;75;100;13;56;53;85;648;95;144;;;;;;;;;;
LW22;107;Bochum I;63131;25746;0;88877;47652;24137;513;47139;10927;19782;2101;2965;7931;1332;;1071;;;;;102;;;;;486;;;;;;;;;;;211;;;;;;;231;;;;379;47273;11639;17174;2213;2983;8572;1351;159;674;337;22;70;33;65;18;61;21;41;354;30;59;57;103;23;66;51;57;697;116;227;;;;;;;;;;
LW22;108;Bochum II;54756;30589;0;85345;54367;28897;439;53928;14217;18243;2330;1878;13465;1669;;1304;;;;;;;;;;540;;;;;;;;;;146;;;;;;;;136;;;;291;54076;14437;16652;2998;2050;13032;1530;146;801;266;10;82;43;50;27;41;29;25;485;19;46;51;82;10;92;49;58;548;133;284;;;;;;;;;;
LW22;109;Bochum III;65747;25692;0;91439;48190;24120;474;47716;11169;18263;1778;2839;9607;1906;;1232;;;;;89;;;;;563;;;;;;;;;;270;;;;;;;;;;;;342;47848;11826;16044;2104;2793;9801;1739;157;788;324;42;65;34;48;27;54;28;30;387;23;76;51;101;14;90;49;38;663;180;272;;;;;;;;;;
LW22;110;Herne;84796;23012;0;107808;50693;21382;1036;49657;13155;22464;2532;;6616;1912;;;1346;;;;295;;;;;1337;;;;;;;;;;;;;;;;;;;;;;588;50105;12997;19749;2165;3661;6992;1147;204;509;421;62;48;38;75;28;62;26;18;412;26;23;81;124;14;41;48;45;810;181;98;;;;;;;;;;
LW22;111;Dortmund I;68413;25237;0;93650;47858;23452;398;47460;9814;15991;1921;2711;11790;1410;;1795;;;;;163;;;;;429;;;;;;;;;1052;;384;;;;;;;;;;;333;47525;9937;15311;2202;2644;11553;1561;227;1227;209;61;78;29;74;20;49;20;55;364;23;67;80;93;16;85;61;47;867;169;396;;;;;;;;;;
LW22;112;Dortmund II;74072;25563;0;99635;49704;23783;451;49253;10940;16829;2221;2812;11190;1906;;1466;;;;;108;;;;;460;;;;;;;;;1037;;284;;;;;;;;;;;377;49327;11373;16000;2380;2722;10962;1683;157;1147;226;92;69;46;53;23;38;21;54;372;25;83;65;90;14;62;37;55;954;202;322;;;;;;;;;;
LW22;113;Dortmund III;72691;30722;0;103413;56338;28775;408;55930;15475;21633;2273;3404;8901;1162;;1412;;;;;;;;;;525;;;;;;;;;1145;;;;;;;;;;;;;333;56005;15414;19561;2762;3284;9964;1083;155;965;287;19;49;46;15;26;66;31;25;419;31;37;58;144;18;53;34;50;1133;99;177;;;;;;;;;;
LW22;114;Dortmund IV;73601;33781;0;107382;61789;31658;387;61402;17944;20906;3197;3196;11960;1091;;1623;;;;;;;;;;546;;;;;;;;;939;;;;;;;;;;;;;315;61474;17972;19159;3528;3185;12215;1146;225;1142;312;41;58;27;35;23;55;30;25;444;43;21;63;112;8;90;46;49;990;159;271;;;;;;;;;;
LW22;115;Unna I;79954;31782;0;111736;64194;29515;636;63558;18819;23437;3733;3180;10869;1313;;1286;;;;;;;;;;573;;;;;;;;;;;348;;;;;;;;;;;533;63661;20701;20173;3306;3234;11371;1106;175;838;440;13;65;52;9;32;77;27;16;447;41;23;74;150;11;57;57;50;782;88;246;;;;;;;;;;
LW22;116;Unna II;80693;25760;0;106453;53836;23645;532;53304;17281;19901;2581;3629;6631;1310;;1161;;;;;;;;;;;;;;810;;;;;;;;;;;;;;;;;;440;53396;18042;17493;2534;3615;7428;967;140;628;335;24;39;51;22;21;53;30;21;227;22;18;61;515;9;55;44;35;745;108;114;;;;;;;;;;
LW22;117;Unna III - Hamm II;74284;19579;0;93863;46691;18309;575;46116;12692;20036;1902;3470;5781;1152;;1083;;;;;;;;;;;;;;;;;;;;;;;;;;;;;;;;400;46291;13076;18357;2035;3356;5966;885;107;524;329;39;25;56;29;22;45;15;11;172;32;17;72;134;17;38;31;30;636;111;124;;;;;;;;;;
LW22;118;Hamm I;84282;27307;0;111589;58079;25444;579;57500;17380;25942;2858;4104;5827;1389;;;;;;;;;;;;;;;;;;;;;;;;;;;;;;;;;;447;57632;19700;20198;2595;4077;7054;1232;141;429;277;41;51;39;17;29;55;22;13;231;32;24;68;123;18;59;42;39;700;114;212;;;;;;;;;;
LW22;119;Soest I;80646;35043;0;115689;66345;32284;538;65807;28420;17458;3297;3631;9877;1210;;;950;;;;;;;;;663;;;;;;;;;;;;;;;;;;301;;;;492;65853;27291;16210;3723;3613;10516;1141;148;537;517;13;72;47;12;29;73;50;22;580;26;31;86;133;27;26;58;44;605;66;157;;;;;;;;;;
LW22;120;Soest II;82062;33068;0;115130;64422;30505;530;63892;25738;17264;5546;4278;8217;1392;;;761;;;;;;;;;696;;;;;;;;;;;;;;;;;;;;;;474;63948;25973;15874;4648;4307;8938;1177;137;488;460;11;59;34;10;22;74;21;12;548;33;19;67;144;32;49;29;55;554;53;120;;;;;;;;;;
LW22;121;Märkischer Kreis I;70417;24441;0;94858;46292;22666;360;45932;19049;13563;1934;3189;4699;1082;;;775;;;;;;;;;584;;;;;;;;;1057;;;;;;;;;;;;;390;45902;17711;12671;2393;3305;5755;896;90;302;454;22;62;32;15;14;53;22;18;495;27;21;51;98;20;37;25;29;1087;117;80;;;;;;;;;;
LW22;122;Märkischer Kreis II;71146;28396;0;99542;51355;26234;518;50837;20943;15330;3996;3146;5607;1054;;;;;;;;;;;;761;;;;;;;;;;;;;;;;;;;;;;354;51001;21013;13422;3176;3224;6338;780;123;408;366;19;45;60;16;23;61;30;7;513;31;23;55;132;15;43;42;45;812;75;104;;;;;;;;;;
LW22;123;Märkischer Kreis III;72748;28284;0;101032;49102;26144;478;48624;17548;17313;3163;3551;5211;1143;;;;;;;;;;;;695;;;;;;;;;;;;;;;;;;;;;;388;48714;17784;14039;3110;3566;6249;850;128;317;392;27;178;72;19;16;57;33;34;648;29;26;61;122;17;49;47;52;596;77;119;;;;;;;;;;
LW22;124;Hochsauerlandkreis I;70647;32424;0;103071;59603;29864;472;59131;27120;16361;3021;3282;6640;678;;1094;935;;;;;;;;;;;;;;;;;;;;;;;;;;;;;;;401;59202;27144;14872;3291;3057;7078;653;113;846;548;10;47;34;8;18;61;22;11;207;30;28;57;124;16;27;41;47;593;64;155;;;;;;;;;;
LW22;125;Hochsauerlandkreis II;67939;28382;0;96321;56429;26106;499;55930;28745;14144;2635;2998;4650;676;;873;1209;;;;;;;;;;;;;;;;;;;;;;;;;;;;;;;451;55978;27294;13377;3014;3120;5644;626;98;621;818;17;52;41;9;22;47;24;5;275;25;8;67;88;15;36;28;22;449;50;86;;;;;;;;;;
LW22;126;Siegen-Wittgenstein I;79901;27729;0;107630;57494;25153;771;56723;21227;16534;2800;4088;8011;1240;;879;721;;;;;;;;162;522;;;;;;;;;;;539;;;;;;;;;;;477;57017;19969;15846;3119;4156;8406;1323;137;655;606;35;205;50;13;21;45;46;62;552;33;53;72;140;15;88;44;46;571;127;582;;;;;;;;;;
LW22;127;Siegen-Wittgenstein II;66514;31896;0;98410;58817;29499;528;58289;21739;19211;2817;4272;6474;913;;889;1057;;;;;;;;;646;;;;;;;;;;;271;;;;;;;;;;;441;58376;22251;17808;3042;4320;6542;903;92;659;659;12;114;68;4;10;61;46;24;615;35;20;57;88;11;60;35;35;497;73;235;;;;;;;;;;
LW22;128;Olpe;65644;35314;0;100958;60111;32733;467;59644;32263;11993;2540;3057;6936;771;;;1958;;;;;;;;126;;;;;;;;;;;;;;;;;;;;;;;398;59713;31385;12356;3262;3120;6068;685;91;314;1011;9;46;45;16;20;42;31;47;242;28;19;59;124;10;40;30;38;419;54;102;;;;;;;;;;
